1, 8.579316e-10, 8.559801e-10, 8.542053e-10
2, 1.314629e-10, 1.313697e-10, 1.312928e-10
3, 1.147795e-11, 1.145020e-11, 1.142494e-11
4, 1.803759e-09, 1.802397e-09, 1.801307e-09
5, 1.139999e-08, 1.137169e-08, 1.134730e-08
6, 6.480270e-10, 6.480091e-10, 6.480326e-10
7, 1.305832e-25, 1.318185e-25, 1.327803e-25
8, 5.820792e-26, 5.636688e-26, 5.473015e-26
9, 2.132088e-26, 2.086657e-26, 2.049037e-26
10, 5.176508e-03, 4.955610e-03, 4.764000e-03
11, 1.339402e-03, 1.314608e-03, 1.291605e-03
12, 5.368992e-09, 5.366206e-09, 5.363844e-09
13, 4.786020e-10, 4.779845e-10, 4.774022e-10
14, 6.835995e-11, 6.824347e-11, 6.814558e-11
15, 6.959459e-11, 6.948527e-11, 6.938141e-11
16, 7.041798e-11, 7.038544e-11, 7.037013e-11
17, 2.148845e-09, 2.147850e-09, 2.147040e-09
18, 1.261617e-26, 1.263276e-26, 1.262912e-26
19, 2.458197e-26, 2.460463e-26, 2.459815e-26
20, 2.006509e-26, 1.986309e-26, 1.969583e-26
21, 1.228346e-08, 1.247055e-08, 1.263370e-08
22, 2.259108e-08, 2.277170e-08, 2.292067e-08
23, 6.919752e-10, 6.907613e-10, 6.896532e-10
24, 1.430826e-09, 1.428840e-09, 1.427078e-09
25, 2.000503e-10, 1.997058e-10, 1.993943e-10
26, 6.893893e-07, 6.889474e-07, 6.886020e-07
27, 2.967614e-07, 2.957947e-07, 2.949179e-07
28, 2.594450e-11, 2.591728e-11, 2.589745e-11
29, 2.485655e-11, 2.481280e-11, 2.477558e-11
30, 2.337822e-24, 2.322489e-24, 2.304936e-24
31, 6.932605e-03, 6.703868e-03, 6.502298e-03
32, 1.519526e-09, 1.505276e-09, 1.491023e-09
33, 2.861643e-09, 2.853021e-09, 2.843917e-09
34, 1.127697e-09, 1.126544e-09, 1.125511e-09
35, 3.966735e-09, 3.960908e-09, 3.955595e-09
36, 4.934155e-11, 4.926353e-11, 4.919374e-11
37, 1.953836e-06, 1.948977e-06, 1.944534e-06
38, 1.767973e-06, 1.765750e-06, 1.763773e-06
39, 8.240505e-06, 8.209334e-06, 8.180594e-06
40, 1.196252e-05, 1.190734e-05, 1.185461e-05
41, 5.123371e-03, 4.997349e-03, 4.880637e-03
42, 2.818068e-04, 2.793260e-04, 2.769996e-04
43, 1.334372e-05, 1.334134e-05, 1.333873e-05
44, 1.495199e-06, 1.493319e-06, 1.491348e-06
45, 1.208120e-14, 1.207492e-14, 1.206903e-14
46, 3.764691e-14, 3.758633e-14, 3.753185e-14
47, 2.203825e-13, 2.202328e-13, 2.201076e-13
48, 3.715122e-06, 3.709813e-06, 3.704920e-06
49, 3.227932e-06, 3.224793e-06, 3.221983e-06
50, 1.399749e-06, 1.394495e-06, 1.389539e-06
51, 1.134865e-06, 1.140775e-06, 1.146322e-06
52, 1.166174e-06, 1.161926e-06, 1.157858e-06
53, 1.605033e-04, 1.601318e-04, 1.597585e-04
54, 2.796143e-06, 2.786088e-06, 2.776702e-06
55, 4.484450e-07, 4.486679e-07, 4.488428e-07
56, 2.146865e-13, 2.144549e-13, 2.142386e-13
57, 4.968535e-14, 4.969412e-14, 4.970348e-14
58, 1.013260e-13, 1.010969e-13, 1.008872e-13
59, 1.639252e-06, 1.638384e-06, 1.637604e-06
60, 2.475432e-06, 2.469859e-06, 2.464631e-06
61, 3.741268e-06, 3.744600e-06, 3.747838e-06
62, 1.630755e-05, 1.633754e-05, 1.636594e-05
63, 4.925654e-07, 4.908519e-07, 4.892582e-07
64, 4.612117e-06, 4.611799e-06, 4.611944e-06
65, 4.854445e-09, 4.865513e-09, 4.875774e-09
66, 7.127733e-09, 7.126172e-09, 7.124310e-09
67, 9.039494e-08, 9.033362e-08, 9.027745e-08
68, 5.671514e-13, 5.666277e-13, 5.661413e-13
69, 1.987694e-12, 1.989041e-12, 1.990344e-12
70, 1.046340e-06, 1.044596e-06, 1.042948e-06
71, 3.060740e-06, 3.060594e-06, 3.060485e-06
72, 5.783390e-06, 5.782686e-06, 5.782066e-06
73, 1.045837e-08, 1.045627e-08, 1.045362e-08
74, 9.792404e-08, 9.779363e-08, 9.766897e-08
75, 2.604223e-06, 2.601678e-06, 2.599127e-06
76, 1.386856e-07, 1.386221e-07, 1.385638e-07
77, 1.260607e-08, 1.261747e-08, 1.262770e-08
78, 1.107070e-07, 1.106600e-07, 1.106107e-07
79, 1.222741e-07, 1.223030e-07, 1.223267e-07
80, 2.305456e-08, 2.304121e-08, 2.302712e-08
81, 3.876077e-09, 3.881838e-09, 3.887112e-09
82, 1.934260e-06, 1.931706e-06, 1.929307e-06
83, 7.527429e-05, 7.509798e-05, 7.493026e-05
84, 1.396941e-04, 1.393572e-04, 1.390563e-04
85, 4.779921e-04, 4.755534e-04, 4.732025e-04
86, 1.301359e-05, 1.299091e-05, 1.296968e-05
87, 4.921012e-04, 4.907569e-04, 4.893857e-04
88, 1.786934e-04, 1.789731e-04, 1.792243e-04
89, 3.919455e-08, 3.919213e-08, 3.919019e-08
90, 4.591662e-08, 4.589253e-08, 4.586854e-08
91, 3.869872e-08, 3.874342e-08, 3.878528e-08
92, 1.474043e-08, 1.472922e-08, 1.471761e-08
93, 3.752361e-08, 3.748344e-08, 3.744480e-08
94, 1.751449e-08, 1.747950e-08, 1.744643e-08
95, 5.783081e-05, 5.769906e-05, 5.756935e-05
96, 1.069054e-03, 1.059212e-03, 1.049678e-03
97, 8.922766e-22, 8.849826e-22, 8.779859e-22
98, 5.082426e-04, 5.061991e-04, 5.041763e-04
99, 3.873139e-04, 3.867508e-04, 3.861732e-04
100, 7.464606e-05, 7.452575e-05, 7.440797e-05
101, 2.149375e-05, 2.148536e-05, 2.147760e-05
102, 2.124808e-05, 2.123297e-05, 2.121729e-05
103, 2.476629e-08, 2.475540e-08, 2.474263e-08
104, 5.726358e-08, 5.717847e-08, 5.709802e-08
105, 5.588004e-08, 5.579578e-08, 5.571051e-08
106, 7.989204e-08, 7.980147e-08, 7.971775e-08
107, 5.610916e-26, 5.623045e-26, 5.635158e-26
108, 6.211047e-23, 6.205179e-23, 6.199380e-23
109, 5.321766e-04, 5.294907e-04, 5.268219e-04
110, 8.694199e-04, 8.630899e-04, 8.569362e-04
111, 1.355578e-04, 1.353617e-04, 1.351711e-04
112, 4.254669e-05, 4.251920e-05, 4.249209e-05
113, 3.214734e-05, 3.210132e-05, 3.205796e-05
114, 1.733656e-08, 1.736423e-08, 1.738689e-08
115, 7.226900e-09, 7.209308e-09, 7.193167e-09
116, 8.088860e-08, 8.100034e-08, 8.109551e-08
117, 1.559063e-07, 1.556844e-07, 1.554998e-07
118, 4.047897e-24, 4.065394e-24, 4.081093e-24
119, 1.014547e-24, 1.011744e-24, 1.009456e-24
120, 3.035320e-15, 3.044153e-15, 3.051743e-15
121, 1.279179e-14, 1.282165e-14, 1.284960e-14
122, 2.977307e-09, 2.975277e-09, 2.973509e-09
123, 1.452718e-09, 1.450198e-09, 1.447939e-09
124, 9.290174e-09, 9.281135e-09, 9.272827e-09
125, 2.237550e-06, 2.232916e-06, 2.229020e-06
126, 5.803491e-11, 5.792070e-11, 5.781186e-11
127, 2.151199e-11, 2.144963e-11, 2.139299e-11
128, 8.104265e-11, 8.082379e-11, 8.067189e-11
129, 1.348048e-04, 1.344247e-04, 1.340001e-04
130, 2.275368e-10, 2.280466e-10, 2.284313e-10
131, 5.543716e-11, 5.528258e-11, 5.511335e-11
132, 2.288211e-05, 2.290491e-05, 2.293386e-05
133, 4.776262e-09, 4.769113e-09, 4.762790e-09
134, 9.570194e-10, 9.559523e-10, 9.549852e-10
135, 4.014619e-10, 4.007950e-10, 4.002156e-10
136, 1.725993e-07, 1.724884e-07, 1.723762e-07
137, 4.201698e-12, 4.189951e-12, 4.180174e-12
138, 4.849664e-12, 4.855268e-12, 4.858194e-12
139, 2.354352e-11, 2.337082e-11, 2.323909e-11
140, 1.564662e-04, 1.551247e-04, 1.540962e-04
141, 1.042839e-02, 9.757215e-03, 9.258924e-03
142, 2.581585e-08, 2.560631e-08, 2.545966e-08
143, 2.749952e-09, 2.762740e-09, 2.774202e-09
144, 1.413673e-09, 1.412096e-09, 1.410689e-09
145, 2.150600e-09, 2.147608e-09, 2.144905e-09
146, 6.194441e-10, 6.189257e-10, 6.184528e-10
147, 7.946615e-08, 7.931942e-08, 7.918630e-08
148, 6.309005e-06, 6.298514e-06, 6.289248e-06
149, 2.529939e-12, 2.530759e-12, 2.531301e-12
150, 3.922774e-12, 3.900489e-12, 3.882738e-12
151, 4.438495e-04, 4.424451e-04, 4.409562e-04
152, 4.306624e-05, 4.336695e-05, 4.363001e-05
153, 1.475090e-04, 1.478213e-04, 1.480380e-04
154, 4.788849e-10, 4.768253e-10, 4.749872e-10
155, 3.819788e-09, 3.816495e-09, 3.813485e-09
156, 3.683270e-10, 3.678755e-10, 3.674791e-10
157, 4.603050e-12, 4.599104e-12, 4.595411e-12
158, 1.998054e-06, 1.995583e-06, 1.993417e-06
159, 7.626892e-07, 7.622248e-07, 7.617574e-07
160, 2.213160e-05, 2.205522e-05, 2.198814e-05
161, 1.269708e-12, 1.279860e-12, 1.288674e-12
162, 3.125322e-06, 3.148215e-06, 3.168821e-06
163, 1.742042e-05, 1.745871e-05, 1.749983e-05
164, 9.734619e-05, 9.727747e-05, 9.721164e-05
165, 4.915111e-06, 4.914508e-06, 4.913056e-06
166, 2.087319e-14, 2.086035e-14, 2.084891e-14
167, 1.028463e-15, 1.027630e-15, 1.026867e-15
168, 1.999836e-13, 1.996227e-13, 1.993069e-13
169, 1.707918e-06, 1.707472e-06, 1.707004e-06
170, 1.366318e-06, 1.363893e-06, 1.361771e-06
171, 8.711592e-07, 8.726046e-07, 8.738275e-07
172, 4.394471e-12, 4.398317e-12, 4.403166e-12
173, 2.267349e-08, 2.269802e-08, 2.272309e-08
174, 6.729044e-09, 6.721206e-09, 6.713742e-09
175, 2.558481e-09, 2.552255e-09, 2.547005e-09
176, 7.109250e-06, 7.110730e-06, 7.111887e-06
177, 3.530198e-07, 3.527744e-07, 3.525435e-07
178, 7.207472e-14, 7.201844e-14, 7.196740e-14
179, 1.396348e-14, 1.395383e-14, 1.394518e-14
180, 6.314743e-07, 6.306364e-07, 6.298789e-07
181, 1.896646e-06, 1.895093e-06, 1.893598e-06
182, 3.546834e-06, 3.545865e-06, 3.545026e-06
183, 9.317839e-07, 9.310972e-07, 9.303521e-07
184, 9.651771e-07, 9.620328e-07, 9.591157e-07
185, 3.931260e-09, 3.924281e-09, 3.917814e-09
186, 5.516806e-10, 5.522128e-10, 5.526019e-10
187, 4.370792e-08, 4.372885e-08, 4.374710e-08
188, 1.350112e-07, 1.349194e-07, 1.348316e-07
189, 1.381625e-07, 1.380602e-07, 1.379621e-07
190, 2.185833e-14, 2.185209e-14, 2.184678e-14
191, 1.754407e-06, 1.753167e-06, 1.751960e-06
192, 1.141826e-06, 1.141397e-06, 1.141022e-06
193, 2.224166e-06, 2.225104e-06, 2.226079e-06
194, 2.003105e-07, 1.997782e-07, 1.992992e-07
195, 6.452352e-07, 6.439899e-07, 6.428426e-07
196, 1.304612e-06, 1.304031e-06, 1.303550e-06
197, 7.507053e-08, 7.499005e-08, 7.491395e-08
198, 5.499189e-09, 5.490419e-09, 5.481921e-09
199, 2.802220e-08, 2.802157e-08, 2.801945e-08
200, 1.142447e-08, 1.142157e-08, 1.141890e-08
201, 9.079989e-09, 9.087467e-09, 9.093588e-09
202, 3.481798e-08, 3.482006e-08, 3.482210e-08
203, 6.297463e-06, 6.290186e-06, 6.283283e-06
204, 1.402733e-04, 1.397894e-04, 1.393313e-04
205, 1.002912e-04, 1.001350e-04, 9.997554e-05
206, 1.373062e-07, 1.368601e-07, 1.364518e-07
207, 4.748305e-07, 4.738775e-07, 4.730064e-07
208, 2.021941e-08, 2.025503e-08, 2.028757e-08
209, 1.780655e-08, 1.779969e-08, 1.779211e-08
210, 3.810049e-08, 3.808722e-08, 3.807576e-08
211, 2.715654e-08, 2.715812e-08, 2.715869e-08
212, 5.095259e-08, 5.093790e-08, 5.092554e-08
213, 3.597955e-08, 3.602267e-08, 3.605951e-08
214, 4.638331e-07, 4.634497e-07, 4.630574e-07
215, 6.892497e-08, 6.878448e-08, 6.866129e-08
216, 1.717370e-04, 1.708047e-04, 1.699785e-04
217, 4.676258e-05, 4.662491e-05, 4.649512e-05
218, 3.056277e-24, 3.055373e-24, 3.054564e-24
219, 1.547136e-03, 1.526309e-03, 1.506409e-03
220, 3.376976e-03, 3.294772e-03, 3.217901e-03
221, 2.125832e-04, 2.117987e-04, 2.110322e-04
222, 1.268543e-04, 1.265329e-04, 1.262164e-04
223, 1.120376e-04, 1.117945e-04, 1.115568e-04
224, 1.176098e-07, 1.176871e-07, 1.177389e-07
225, 2.928656e-07, 2.930192e-07, 2.931274e-07
226, 4.052370e-08, 4.045205e-08, 4.038541e-08
227, 1.669393e-14, 1.672078e-14, 1.674094e-14
228, 3.838708e-26, 3.838921e-26, 3.838772e-26
229, 6.765818e-23, 6.798822e-23, 6.830826e-23
230, 3.076917e-04, 3.070697e-04, 3.064373e-04
231, 7.231739e-04, 7.190191e-04, 7.149684e-04
232, 1.315864e-04, 1.313061e-04, 1.310382e-04
233, 8.656177e-05, 8.638756e-05, 8.622000e-05
234, 7.070290e-17, 7.078849e-17, 7.086283e-17
235, 2.645001e-17, 2.638200e-17, 2.631943e-17
236, 1.010062e-08, 1.015151e-08, 1.019347e-08
237, 8.328494e-09, 8.314288e-09, 8.302461e-09
238, 8.465426e-09, 8.439408e-09, 8.416890e-09
239, 7.614369e-24, 7.603663e-24, 7.596748e-24
240, 7.327430e-23, 7.370435e-23, 7.407241e-23
241, 2.375610e-16, 2.372281e-16, 2.369223e-16
242, 6.868906e-15, 6.865002e-15, 6.861896e-15
243, 1.083236e-08, 1.082219e-08, 1.081327e-08
244, 2.558944e-06, 2.555693e-06, 2.552774e-06
245, 1.394999e-07, 1.392789e-07, 1.390835e-07
246, 2.089477e-07, 2.085909e-07, 2.082724e-07
247, 7.380930e-11, 7.381278e-11, 7.381333e-11
248, 1.691637e-11, 1.682541e-11, 1.674196e-11
249, 2.737766e-11, 2.735667e-11, 2.732711e-11
250, 2.156754e-03, 2.116538e-03, 2.077567e-03
251, 2.097859e-10, 2.110017e-10, 2.119067e-10
252, 2.456644e-11, 2.454364e-11, 2.450977e-11
253, 3.162294e-07, 3.169576e-07, 3.176572e-07
254, 4.508574e-08, 4.503620e-08, 4.499215e-08
255, 6.071547e-09, 6.067103e-09, 6.063334e-09
256, 1.656971e-08, 1.654940e-08, 1.653116e-08
257, 1.065233e-07, 1.063381e-07, 1.061736e-07
258, 6.336288e-11, 6.339401e-11, 6.340559e-11
259, 7.845106e-12, 7.813451e-12, 7.787283e-12
260, 2.938954e-12, 2.947230e-12, 2.953608e-12
261, 1.468885e-04, 1.475260e-04, 1.480180e-04
262, 7.389130e-11, 7.341214e-11, 7.305541e-11
263, 6.064383e-11, 6.075587e-11, 6.084080e-11
264, 1.944311e-06, 1.943388e-06, 1.942578e-06
265, 5.699466e-09, 5.694870e-09, 5.690716e-09
266, 1.467786e-09, 1.465965e-09, 1.464367e-09
267, 1.156735e-11, 1.155936e-11, 1.155183e-11
268, 1.311002e-07, 1.308447e-07, 1.306239e-07
269, 1.994829e-07, 1.992248e-07, 1.989821e-07
270, 4.210971e-15, 4.208323e-15, 4.206993e-15
271, 3.894285e-14, 3.910358e-14, 3.922967e-14
272, 3.231706e-04, 3.224929e-04, 3.216477e-04
273, 1.134518e-05, 1.130588e-05, 1.127267e-05
274, 1.666995e-05, 1.668616e-05, 1.669993e-05
275, 3.365874e-05, 3.369484e-05, 3.372418e-05
276, 1.317030e-09, 1.315954e-09, 1.314982e-09
277, 2.076189e-09, 2.074417e-09, 2.072799e-09
278, 1.950686e-11, 1.950767e-11, 1.950839e-11
279, 8.894566e-13, 8.895277e-13, 8.895312e-13
280, 6.188901e-14, 6.188765e-14, 6.188813e-14
281, 3.765401e-13, 3.775592e-13, 3.784503e-13
282, 2.046033e-14, 2.050396e-14, 2.054083e-14
283, 3.684605e-15, 3.679055e-15, 3.674520e-15
284, 7.715457e-06, 7.706932e-06, 7.700753e-06
285, 2.939348e-05, 2.934930e-05, 2.931379e-05
286, 3.009348e-05, 3.010173e-05, 3.010502e-05
287, 2.144874e-12, 2.143936e-12, 2.143029e-12
288, 6.269547e-16, 6.264009e-16, 6.258974e-16
289, 6.607408e-15, 6.602041e-15, 6.597571e-15
290, 4.703404e-12, 4.704783e-12, 4.705987e-12
291, 2.866267e-15, 2.870498e-15, 2.874205e-15
292, 6.314203e-13, 6.326885e-13, 6.338312e-13
293, 2.184346e-13, 2.182217e-13, 2.180482e-13
294, 2.667942e-15, 2.666951e-15, 2.666214e-15
295, 6.176474e-09, 6.182016e-09, 6.187062e-09
296, 4.258220e-08, 4.260152e-08, 4.262053e-08
297, 6.134541e-09, 6.135578e-09, 6.136366e-09
298, 1.268621e-08, 1.267734e-08, 1.266880e-08
299, 4.045801e-08, 4.042209e-08, 4.038874e-08
300, 1.805637e-16, 1.803170e-16, 1.800879e-16
301, 1.092537e-04, 1.089956e-04, 1.087462e-04
302, 4.562883e-05, 4.559253e-05, 4.555638e-05
303, 9.428526e-06, 9.430039e-06, 9.431287e-06
304, 2.596224e-06, 2.595849e-06, 2.595417e-06
305, 1.844346e-06, 1.844135e-06, 1.843932e-06
306, 6.923312e-10, 6.908747e-10, 6.896185e-10
307, 5.739741e-10, 5.736009e-10, 5.732538e-10
308, 6.557927e-09, 6.558230e-09, 6.558432e-09
309, 2.503639e-08, 2.501002e-08, 2.498559e-08
310, 5.909322e-09, 5.905256e-09, 5.901318e-09
311, 3.845536e-08, 3.842054e-08, 3.838786e-08
312, 1.379677e-06, 1.379025e-06, 1.378436e-06
313, 9.302064e-06, 9.300836e-06, 9.299863e-06
314, 2.649869e-06, 2.648678e-06, 2.647616e-06
315, 5.739015e-07, 5.729211e-07, 5.720510e-07
316, 4.641649e-06, 4.640202e-06, 4.638923e-06
317, 1.357749e-05, 1.357949e-05, 1.358250e-05
318, 2.180284e-08, 2.180142e-08, 2.180002e-08
319, 2.221298e-08, 2.219008e-08, 2.216673e-08
320, 4.619400e-08, 4.616397e-08, 4.613543e-08
321, 2.799031e-08, 2.799616e-08, 2.800122e-08
322, 3.969961e-08, 3.970274e-08, 3.970447e-08
323, 4.334292e-05, 4.332712e-05, 4.331078e-05
324, 2.104091e-08, 2.101828e-08, 2.099875e-08
325, 6.754950e-05, 6.755183e-05, 6.754873e-05
326, 5.334561e-05, 5.327814e-05, 5.321724e-05
327, 1.085172e-06, 1.083393e-06, 1.081721e-06
328, 1.275508e-05, 1.275457e-05, 1.275414e-05
329, 8.872070e-08, 8.873414e-08, 8.873441e-08
330, 2.582098e-11, 2.575594e-11, 2.569365e-11
331, 8.380151e-05, 8.365514e-05, 8.351447e-05
332, 3.367403e-05, 3.365112e-05, 3.362800e-05
333, 5.778894e-09, 5.778768e-09, 5.778770e-09
334, 8.207174e-05, 8.211359e-05, 8.213922e-05
335, 1.690983e-05, 1.689773e-05, 1.688560e-05
336, 1.342120e-13, 1.335365e-13, 1.329670e-13
337, 2.427717e-14, 2.427638e-14, 2.427087e-14
338, 3.864681e-23, 3.832745e-23, 3.806307e-23
339, 2.959189e-25, 2.962323e-25, 2.966196e-25
340, 9.662471e-12, 9.658998e-12, 9.655932e-12
341, 8.838172e-11, 8.823116e-11, 8.809102e-11
342, 1.742687e-04, 1.737421e-04, 1.732299e-04
343, 1.184094e-04, 1.180399e-04, 1.176907e-04
344, 2.899926e-05, 2.899512e-05, 2.898866e-05
345, 2.574377e-05, 2.570839e-05, 2.567656e-05
346, 4.430571e-11, 4.440989e-11, 4.449352e-11
347, 1.370506e-13, 1.370898e-13, 1.371455e-13
348, 1.095528e-13, 1.095777e-13, 1.096286e-13
349, 1.669596e-23, 1.661512e-23, 1.655365e-23
350, 5.436841e-22, 5.507129e-22, 5.568686e-22
351, 6.259132e-22, 6.295433e-22, 6.329663e-22
352, 3.268801e-12, 3.270421e-12, 3.272143e-12
353, 1.155003e-04, 1.152076e-04, 1.149289e-04
354, 4.552725e-05, 4.544805e-05, 4.537428e-05
355, 3.140013e-16, 3.140381e-16, 3.140445e-16
356, 1.627066e-16, 1.635181e-16, 1.642507e-16
357, 2.627763e-09, 2.624262e-09, 2.621179e-09
358, 2.208409e-08, 2.224589e-08, 2.237884e-08
359, 5.192946e-07, 5.239105e-07, 5.279083e-07
360, 2.724672e-07, 2.725400e-07, 2.726522e-07
361, 3.350487e-22, 3.376025e-22, 3.397894e-22
362, 4.390571e-16, 4.386604e-16, 4.383076e-16
363, 1.598739e-15, 1.595722e-15, 1.593125e-15
364, 6.516662e-08, 6.513648e-08, 6.511093e-08
365, 1.210723e-05, 1.209037e-05, 1.207483e-05
366, 1.649198e-08, 1.648567e-08, 1.648001e-08
367, 1.266576e-07, 1.265723e-07, 1.264946e-07
368, 1.247177e-06, 1.245577e-06, 1.244079e-06
369, 4.345489e-05, 4.341300e-05, 4.336882e-05
370, 1.038309e-04, 1.039741e-04, 1.040830e-04
371, 3.749358e-04, 3.733237e-04, 3.717000e-04
372, 2.810292e-04, 2.802573e-04, 2.795407e-04
373, 9.597476e-05, 9.581748e-05, 9.566702e-05
374, 1.767063e-07, 1.766841e-07, 1.766249e-07
375, 9.621182e-07, 9.616335e-07, 9.612180e-07
376, 5.292259e-06, 5.286267e-06, 5.280853e-06
377, 2.427078e-05, 2.423610e-05, 2.420363e-05
378, 6.789632e-18, 6.775227e-18, 6.762279e-18
379, 4.500374e-06, 4.497384e-06, 4.494690e-06
380, 7.324338e-06, 7.314379e-06, 7.305583e-06
381, 1.601495e-05, 1.607052e-05, 1.611382e-05
382, 2.423510e-04, 2.416736e-04, 2.410193e-04
383, 2.851920e-04, 2.832215e-04, 2.815193e-04
384, 4.178825e-04, 4.148396e-04, 4.120516e-04
385, 5.437625e-10, 5.430765e-10, 5.424428e-10
386, 7.901710e-08, 7.897762e-08, 7.894371e-08
387, 1.234456e-12, 1.233765e-12, 1.233122e-12
388, 3.733845e-19, 3.732472e-19, 3.731157e-19
389, 5.439330e-17, 5.430453e-17, 5.422594e-17
390, 1.005719e-05, 1.005230e-05, 1.004801e-05
391, 5.846327e-06, 5.846180e-06, 5.846263e-06
392, 4.416623e-06, 4.422189e-06, 4.426133e-06
393, 2.163114e-04, 2.157244e-04, 2.151373e-04
394, 3.646108e-05, 3.637499e-05, 3.630937e-05
395, 2.086561e-05, 2.086550e-05, 2.086828e-05
396, 9.805409e-10, 9.806058e-10, 9.806631e-10
397, 3.824033e-14, 3.822108e-14, 3.820336e-14
398, 5.267557e-12, 5.268071e-12, 5.268474e-12
399, 1.712859e-12, 1.711744e-12, 1.710635e-12
400, 4.363432e-13, 4.364555e-13, 4.365649e-13
401, 3.282761e-15, 3.286474e-15, 3.289797e-15
402, 2.010414e-14, 2.012271e-14, 2.013841e-14
403, 1.613243e-13, 1.614027e-13, 1.614829e-13
404, 3.435861e-14, 3.430450e-14, 3.426106e-14
405, 3.927877e-05, 3.931789e-05, 3.934474e-05
406, 1.382593e-04, 1.382593e-04, 1.382221e-04
407, 3.891593e-10, 3.896686e-10, 3.901172e-10
408, 1.210422e-12, 1.210155e-12, 1.209885e-12
409, 3.271967e-11, 3.272364e-11, 3.272749e-11
410, 4.795892e-09, 4.794261e-09, 4.792496e-09
411, 2.554545e-12, 2.555136e-12, 2.555586e-12
412, 1.773342e-14, 1.774712e-14, 1.775892e-14
413, 1.844739e-14, 1.845053e-14, 1.845350e-14
414, 1.586983e-14, 1.586683e-14, 1.586439e-14
415, 9.684347e-15, 9.670040e-15, 9.657394e-15
416, 1.865987e-10, 1.864931e-10, 1.864066e-10
417, 3.467080e-09, 3.466559e-09, 3.466386e-09
418, 1.412027e-22, 1.412434e-22, 1.412715e-22
419, 3.851395e-12, 3.851702e-12, 3.851985e-12
420, 3.413901e-11, 3.414556e-11, 3.414991e-11
421, 2.018959e-09, 2.018988e-09, 2.018976e-09
422, 4.559932e-09, 4.559914e-09, 4.559659e-09
423, 4.371379e-07, 4.371583e-07, 4.371952e-07
424, 4.848671e-14, 4.847966e-14, 4.847221e-14
425, 3.754432e-14, 3.750894e-14, 3.747883e-14
426, 2.403015e-06, 2.403159e-06, 2.403330e-06
427, 5.994942e-06, 5.992351e-06, 5.990677e-06
428, 8.755950e-10, 8.755480e-10, 8.754925e-10
429, 4.656723e-24, 4.660784e-24, 4.664155e-24
430, 1.685229e-09, 1.684147e-09, 1.683104e-09
431, 6.817816e-10, 6.813143e-10, 6.808538e-10
432, 2.944215e-08, 2.942519e-08, 2.940937e-08
433, 1.233156e-08, 1.233135e-08, 1.233171e-08
434, 5.909592e-09, 5.911247e-09, 5.912290e-09
435, 1.263038e-07, 1.261425e-07, 1.260034e-07
436, 3.021341e-06, 3.022000e-06, 3.022541e-06
437, 8.439914e-07, 8.439301e-07, 8.438847e-07
438, 5.260682e-06, 5.264796e-06, 5.268143e-06
439, 6.134554e-23, 6.132047e-23, 6.128674e-23
440, 1.882760e-21, 1.879397e-21, 1.876135e-21
441, 3.792571e-10, 3.789864e-10, 3.787278e-10
442, 2.122490e-08, 2.120358e-08, 2.118370e-08
443, 1.235852e-05, 1.236119e-05, 1.236314e-05
444, 1.645541e-08, 1.646477e-08, 1.647156e-08
445, 3.553711e-09, 3.551908e-09, 3.550544e-09
446, 1.387626e-09, 1.386880e-09, 1.386141e-09
447, 6.616420e-13, 6.613649e-13, 6.610747e-13
448, 6.299548e-06, 6.301896e-06, 6.304297e-06
449, 1.909321e-05, 1.909171e-05, 1.909211e-05
450, 4.103043e-11, 4.098738e-11, 4.094213e-11
451, 1.012935e-10, 1.011660e-10, 1.010492e-10
452, 3.252952e-13, 3.251459e-13, 3.250067e-13
453, 4.692949e-13, 4.686046e-13, 4.679838e-13
454, 2.555690e-05, 2.556459e-05, 2.557136e-05
455, 2.619259e-05, 2.619949e-05, 2.620278e-05
456, 1.042530e-07, 1.043471e-07, 1.044135e-07
457, 2.159061e-07, 2.152483e-07, 2.146627e-07
458, 3.661597e-14, 3.665125e-14, 3.668681e-14
459, 4.706728e-15, 4.705892e-15, 4.706073e-15
460, 2.704251e-22, 2.708537e-22, 2.713045e-22
461, 3.032183e-11, 3.029726e-11, 3.027606e-11
462, 8.225527e-11, 8.223752e-11, 8.222720e-11
463, 6.037426e-12, 6.027832e-12, 6.019411e-12
464, 2.649674e-13, 2.647204e-13, 2.644904e-13
465, 1.878584e-13, 1.870174e-13, 1.862703e-13
466, 2.211391e-05, 2.213861e-05, 2.216217e-05
467, 4.152019e-09, 4.141043e-09, 4.130633e-09
468, 1.473401e-03, 1.448913e-03, 1.425945e-03
469, 2.083190e-03, 2.040493e-03, 2.001837e-03
470, 4.512649e-09, 4.513768e-09, 4.512290e-09
471, 1.439081e-05, 1.439863e-05, 1.440254e-05
472, 4.042913e-07, 4.034738e-07, 4.027969e-07
473, 1.743723e-07, 1.741796e-07, 1.740056e-07
474, 2.127178e-12, 2.125241e-12, 2.123451e-12
475, 1.827390e-12, 1.822241e-12, 1.817694e-12
476, 8.012491e-16, 7.986279e-16, 7.963143e-16
477, 1.107679e-27, 1.099276e-27, 1.092029e-27
478, 1.738952e-26, 1.707781e-26, 1.680341e-26
479, 5.319340e-09, 5.315836e-09, 5.316033e-09
480, 1.326936e-02, 1.246302e-02, 1.182208e-02
481, 7.808681e-09, 7.665534e-09, 7.545135e-09
482, 3.485887e-09, 3.464050e-09, 3.445776e-09
483, 2.042809e-06, 2.039812e-06, 2.037345e-06
484, 5.660486e-08, 5.653099e-08, 5.647159e-08
485, 1.427189e-06, 1.426121e-06, 1.425116e-06
486, 1.211742e-05, 1.211329e-05, 1.210983e-05
487, 8.031377e-08, 8.026025e-08, 8.021200e-08
488, 6.162844e-07, 6.161253e-07, 6.159844e-07
489, 8.947732e-13, 8.929953e-13, 8.913605e-13
490, 1.208519e-04, 1.210412e-04, 1.212065e-04
491, 8.279755e-05, 8.271231e-05, 8.263314e-05
492, 6.812174e-05, 6.787370e-05, 6.764026e-05
493, 9.628538e-06, 9.622151e-06, 9.617014e-06
494, 4.967866e-10, 4.959397e-10, 4.952302e-10
495, 5.750122e-09, 5.752018e-09, 5.753755e-09
496, 1.540509e-06, 1.539638e-06, 1.538821e-06
497, 1.017876e-05, 1.017296e-05, 1.016756e-05
498, 1.809404e-05, 1.807238e-05, 1.805283e-05
499, 5.832872e-08, 5.831964e-08, 5.831163e-08
500, 4.334824e-06, 4.333560e-06, 4.332751e-06
501, 2.491055e-06, 2.499212e-06, 2.506322e-06
502, 3.238575e-06, 3.235535e-06, 3.233531e-06
503, 1.634701e-05, 1.630010e-05, 1.625790e-05
504, 1.165672e-05, 1.167200e-05, 1.168445e-05
505, 5.618574e-05, 5.615739e-05, 5.613805e-05
506, 4.586392e-09, 4.584324e-09, 4.582237e-09
507, 1.187557e-05, 1.187210e-05, 1.186885e-05
508, 5.042445e-06, 5.040503e-06, 5.038683e-06
509, 5.682147e-21, 5.669271e-21, 5.657337e-21
510, 7.316728e-22, 7.307021e-22, 7.297462e-22
511, 1.760803e-05, 1.760678e-05, 1.760650e-05
512, 1.484546e-07, 1.486688e-07, 1.488541e-07
513, 1.832082e-06, 1.831763e-06, 1.831531e-06
514, 1.474000e-05, 1.471210e-05, 1.468640e-05
515, 1.880268e-05, 1.881728e-05, 1.883230e-05
516, 1.532010e-05, 1.532812e-05, 1.533771e-05
517, 1.197569e-08, 1.197684e-08, 1.197688e-08
518, 8.169784e-12, 8.170716e-12, 8.171730e-12
519, 2.007403e-12, 2.005395e-12, 2.003427e-12
520, 4.602766e-22, 4.604640e-22, 4.606410e-22
521, 2.512885e-06, 2.510300e-06, 2.507861e-06
522, 3.233856e-06, 3.234221e-06, 3.234583e-06
523, 4.025933e-06, 4.027267e-06, 4.028587e-06
524, 9.936171e-06, 9.931108e-06, 9.925800e-06
525, 4.059785e-06, 4.060948e-06, 4.061883e-06
526, 3.047258e-05, 3.045527e-05, 3.044356e-05
527, 3.265755e-05, 3.262964e-05, 3.260297e-05
528, 9.655066e-09, 9.655765e-09, 9.655654e-09
529, 1.789608e-12, 1.790804e-12, 1.791949e-12
530, 6.749501e-11, 6.744920e-11, 6.740278e-11
531, 1.708280e-08, 1.708682e-08, 1.709089e-08
532, 8.924577e-09, 8.927954e-09, 8.930743e-09
533, 2.671807e-07, 2.672111e-07, 2.672360e-07
534, 1.032034e-05, 1.032155e-05, 1.032302e-05
535, 6.566731e-06, 6.564028e-06, 6.561592e-06
536, 1.125546e-05, 1.125876e-05, 1.126207e-05
537, 1.854698e-16, 1.854183e-16, 1.853718e-16
538, 1.021173e-21, 1.022326e-21, 1.023318e-21
539, 8.617712e-22, 8.627778e-22, 8.636755e-22
540, 2.269530e-11, 2.271081e-11, 2.272513e-11
541, 5.793903e-11, 5.795566e-11, 5.797054e-11
542, 4.879892e-09, 4.879642e-09, 4.879328e-09
543, 2.205212e-08, 2.202969e-08, 2.200863e-08
544, 1.125912e-08, 1.126216e-08, 1.126463e-08
545, 1.263772e-07, 1.264731e-07, 1.265639e-07
546, 5.554836e-06, 5.552585e-06, 5.550581e-06
547, 1.046117e-05, 1.046488e-05, 1.046858e-05
548, 8.229245e-06, 8.230855e-06, 8.231868e-06
549, 1.584476e-21, 1.583558e-21, 1.582548e-21
550, 1.180183e-22, 1.179879e-22, 1.179493e-22
551, 7.124455e-12, 7.126911e-12, 7.129168e-12
552, 4.238221e-12, 4.239338e-12, 4.240297e-12
553, 3.490192e-11, 3.488441e-11, 3.486544e-11
554, 2.164386e-08, 2.163251e-08, 2.162078e-08
555, 1.592560e-07, 1.590887e-07, 1.589365e-07
556, 2.174552e-07, 2.176955e-07, 2.179110e-07
557, 1.061443e-09, 1.061092e-09, 1.060842e-09
558, 8.940327e-07, 8.943123e-07, 8.945621e-07
559, 5.274586e-06, 5.271448e-06, 5.268877e-06
560, 1.921943e-21, 1.924478e-21, 1.926494e-21
561, 2.314144e-22, 2.314345e-22, 2.314370e-22
562, 2.965915e-09, 2.967321e-09, 2.968590e-09
563, 1.146931e-09, 1.146355e-09, 1.145856e-09
564, 2.197602e-09, 2.198516e-09, 2.199221e-09
565, 1.521622e-20, 1.523339e-20, 1.524920e-20
566, 5.869923e-19, 5.875943e-19, 5.881332e-19
567, 1.618724e-20, 1.615729e-20, 1.613002e-20
568, 3.543455e-11, 3.547810e-11, 3.551718e-11
569, 1.942470e-09, 1.942066e-09, 1.941649e-09
570, 7.435830e-09, 7.452001e-09, 7.466466e-09
571, 4.517378e-22, 4.516781e-22, 4.516012e-22
572, 2.184372e-20, 2.181601e-20, 2.178953e-20
573, 2.186732e-09, 2.185908e-09, 2.185233e-09
574, 2.052490e-09, 2.051708e-09, 2.051021e-09
575, 1.426713e-08, 1.424468e-08, 1.422471e-08
576, 1.244021e-21, 1.246944e-21, 1.249444e-21
577, 3.240026e-19, 3.241339e-19, 3.242148e-19
578, 2.762365e-19, 2.756322e-19, 2.750782e-19
579, 6.360869e-12, 6.363853e-12, 6.367672e-12
580, 3.000445e-11, 3.009688e-11, 3.018131e-11
581, 3.448749e-09, 3.450243e-09, 3.451294e-09
582, 1.146531e-06, 1.145239e-06, 1.144087e-06
583, 4.265900e-06, 4.263171e-06, 4.260673e-06
584, 3.938837e-12, 3.937929e-12, 3.937201e-12
585, 1.935130e-11, 1.933820e-11, 1.932729e-11
586, 3.525139e-11, 3.523057e-11, 3.521275e-11
587, 2.234028e-21, 2.227733e-21, 2.221885e-21
588, 1.705785e-18, 1.695433e-18, 1.685984e-18
589, 3.699966e-04, 3.677135e-04, 3.655807e-04
590, 3.128038e-12, 3.165129e-12, 3.197961e-12
591, 2.107463e-09, 2.109552e-09, 2.111185e-09
592, 5.731305e-06, 5.715369e-06, 5.700686e-06
593, 3.501051e-07, 3.497834e-07, 3.495099e-07
594, 2.471442e-07, 2.465785e-07, 2.460795e-07
595, 1.005324e-12, 1.004031e-12, 1.002874e-12
596, 1.707746e-11, 1.706105e-11, 1.704752e-11
597, 2.382978e-10, 2.380560e-10, 2.378387e-10
598, 1.530090e-25, 1.524913e-25, 1.520509e-25
599, 1.044394e-22, 1.040621e-22, 1.036422e-22
600, 1.243294e-02, 1.196944e-02, 1.135731e-02
601, 5.924575e-09, 5.874340e-09, 5.828370e-09
602, 8.621612e-09, 8.623066e-09, 8.621721e-09
603, 5.353267e-07, 5.322217e-07, 5.296321e-07
604, 2.205584e-07, 2.200449e-07, 2.195865e-07
605, 8.352905e-08, 8.324331e-08, 8.299642e-08
606, 5.353782e-12, 5.349501e-12, 5.345289e-12
607, 2.021899e-13, 2.022609e-13, 2.023373e-13
608, 5.867158e-04, 5.847542e-04, 5.828128e-04
609, 4.432711e-13, 4.428569e-13, 4.424686e-13
610, 2.003367e-13, 1.998441e-13, 1.993627e-13
611, 4.378079e-13, 4.379438e-13, 4.380823e-13
612, 2.794515e-13, 2.794616e-13, 2.794606e-13
613, 6.593918e-14, 6.589112e-14, 6.585058e-14
614, 7.691695e-06, 7.680580e-06, 7.670498e-06
615, 2.688609e-08, 2.688424e-08, 2.688024e-08
616, 4.292686e-08, 4.291782e-08, 4.290754e-08
617, 1.967191e-05, 1.965769e-05, 1.964379e-05
618, 4.910995e-06, 4.907917e-06, 4.904967e-06
619, 1.820246e-04, 1.814497e-04, 1.808797e-04
620, 4.567951e-13, 4.570864e-13, 4.574031e-13
621, 6.893911e-13, 6.885461e-13, 6.876831e-13
622, 8.909908e-14, 8.910180e-14, 8.910128e-14
623, 2.380017e-14, 2.376207e-14, 2.372606e-14
624, 1.363860e-04, 1.358898e-04, 1.354008e-04
625, 4.299193e-06, 4.290793e-06, 4.284047e-06
626, 4.842217e-09, 4.831246e-09, 4.820210e-09
627, 1.619959e-07, 1.620345e-07, 1.620625e-07
628, 2.024323e-05, 2.024115e-05, 2.023902e-05
629, 4.416478e-06, 4.413002e-06, 4.409623e-06
630, 4.903126e-11, 4.903256e-11, 4.903217e-11
631, 2.496459e-10, 2.495340e-10, 2.494387e-10
632, 1.449080e-05, 1.448643e-05, 1.448165e-05
633, 2.232186e-04, 2.225746e-04, 2.219400e-04
634, 9.796729e-05, 9.768883e-05, 9.741234e-05
635, 1.690553e-04, 1.687342e-04, 1.684219e-04
636, 3.991283e-06, 3.987647e-06, 3.984390e-06
637, 1.148884e-08, 1.147266e-08, 1.145605e-08
638, 4.679360e-08, 4.676837e-08, 4.674250e-08
639, 2.068149e-07, 2.069379e-07, 2.070600e-07
640, 2.142493e-05, 2.144932e-05, 2.147274e-05
641, 9.744806e-11, 9.737559e-11, 9.730690e-11
642, 5.882194e-11, 5.878449e-11, 5.874560e-11
643, 2.996056e-05, 2.994113e-05, 2.992208e-05
644, 2.153120e-05, 2.155913e-05, 2.158604e-05
645, 1.488499e-06, 1.490318e-06, 1.492135e-06
646, 1.790430e-17, 1.789263e-17, 1.788120e-17
647, 2.287505e-16, 2.283969e-16, 2.280609e-16
648, 9.024557e-17, 9.014793e-17, 9.005432e-17
649, 4.899337e-17, 4.897184e-17, 4.894974e-17
650, 1.558051e-11, 1.557260e-11, 1.556444e-11
651, 5.328045e-09, 5.323833e-09, 5.319646e-09
652, 6.015718e-10, 6.012838e-10, 6.009763e-10
653, 2.291290e-09, 2.291064e-09, 2.290738e-09
654, 7.706990e-09, 7.706375e-09, 7.705515e-09
655, 8.249606e-05, 8.245600e-05, 8.241681e-05
656, 1.551526e-05, 1.552570e-05, 1.553551e-05
657, 1.578765e-15, 1.576997e-15, 1.575331e-15
658, 6.084578e-17, 6.081959e-17, 6.079609e-17
659, 8.903854e-18, 8.896489e-18, 8.889609e-18
660, 2.156017e-16, 2.155391e-16, 2.154726e-16
661, 2.343124e-12, 2.342317e-12, 2.341450e-12
662, 1.416766e-08, 1.413583e-08, 1.410422e-08
663, 2.335785e-10, 2.334657e-10, 2.333567e-10
664, 1.143653e-08, 1.144163e-08, 1.144620e-08
665, 4.841913e-10, 4.848396e-10, 4.854304e-10
666, 2.030218e-08, 2.030642e-08, 2.030995e-08
667, 1.432934e-04, 1.430843e-04, 1.428902e-04
668, 1.022141e-09, 1.022160e-09, 1.022168e-09
669, 9.723935e-10, 9.725543e-10, 9.726515e-10
670, 4.148199e-10, 4.150807e-10, 4.153037e-10
671, 7.427647e-18, 7.429746e-18, 7.431787e-18
672, 4.869441e-11, 4.870966e-11, 4.872322e-11
673, 8.772812e-11, 8.750862e-11, 8.729867e-11
674, 5.329540e-10, 5.325355e-10, 5.321360e-10
675, 3.158306e-10, 3.163610e-10, 3.168381e-10
676, 7.880774e-07, 7.890849e-07, 7.899724e-07
677, 8.795719e-07, 8.790074e-07, 8.785420e-07
678, 4.027175e-07, 4.028635e-07, 4.029769e-07
679, 2.833748e-09, 2.835240e-09, 2.836675e-09
680, 4.673408e-11, 4.673406e-11, 4.673555e-11
681, 7.023964e-20, 7.020019e-20, 7.016894e-20
682, 1.445894e-21, 1.445881e-21, 1.445766e-21
683, 7.688101e-08, 7.690469e-08, 7.692843e-08
684, 4.414010e-09, 4.414188e-09, 4.414362e-09
685, 3.977101e-08, 3.979723e-08, 3.982122e-08
686, 1.805295e-17, 1.806193e-17, 1.806893e-17
687, 1.018685e-19, 1.018988e-19, 1.019238e-19
688, 4.975275e-08, 4.984140e-08, 4.992419e-08
689, 5.598012e-08, 5.590379e-08, 5.583552e-08
690, 1.641498e-09, 1.642370e-09, 1.643261e-09
691, 1.057394e-11, 1.057324e-11, 1.057286e-11
692, 3.756011e-11, 3.751407e-11, 3.747020e-11
693, 4.757738e-21, 4.755844e-21, 4.753942e-21
694, 1.301598e-08, 1.301724e-08, 1.301875e-08
695, 5.243124e-09, 5.241255e-09, 5.239716e-09
696, 4.831710e-08, 4.831965e-08, 4.832256e-08
697, 1.807618e-06, 1.809056e-06, 1.810303e-06
698, 1.126677e-18, 1.127906e-18, 1.129012e-18
699, 3.151547e-09, 3.151162e-09, 3.151191e-09
700, 5.713626e-11, 5.715830e-11, 5.717743e-11
701, 8.565413e-10, 8.577970e-10, 8.589378e-10
702, 6.931103e-10, 6.931399e-10, 6.931302e-10
703, 3.910162e-10, 3.905691e-10, 3.901394e-10
704, 2.482615e-07, 2.479916e-07, 2.477520e-07
705, 1.557093e-09, 1.556300e-09, 1.555637e-09
706, 1.795475e-08, 1.793926e-08, 1.792546e-08
707, 1.881660e-05, 1.877882e-05, 1.874411e-05
708, 1.010889e-05, 1.010248e-05, 1.009616e-05
709, 1.502334e-18, 1.505531e-18, 1.508368e-18
710, 3.809399e-10, 3.831240e-10, 3.850967e-10
711, 4.499145e-11, 4.509411e-11, 4.519091e-11
712, 5.115583e-10, 5.116892e-10, 5.118199e-10
713, 3.564845e-08, 3.561948e-08, 3.559276e-08
714, 4.560857e-08, 4.551918e-08, 4.543937e-08
715, 2.487215e-07, 2.483696e-07, 2.480600e-07
716, 9.481451e-13, 9.471869e-13, 9.463885e-13
717, 5.757287e-06, 5.744204e-06, 5.732600e-06
718, 1.270947e-05, 1.269517e-05, 1.268158e-05
719, 5.387730e-06, 5.353843e-06, 5.323827e-06
720, 1.021686e-22, 1.036545e-22, 1.049539e-22
721, 3.634586e-08, 3.651931e-08, 3.666899e-08
722, 7.422688e-10, 7.435365e-10, 7.448482e-10
723, 8.928735e-12, 8.905104e-12, 8.885426e-12
724, 4.021386e-09, 4.031083e-09, 4.039033e-09
725, 4.789714e-08, 4.772188e-08, 4.757129e-08
726, 1.172344e-07, 1.171639e-07, 1.170999e-07
727, 8.211387e-12, 8.185987e-12, 8.161266e-12
728, 5.473737e-12, 5.464948e-12, 5.456331e-12
729, 2.383110e-03, 2.348980e-03, 2.316145e-03
730, 1.657798e-04, 1.654991e-04, 1.652199e-04
731, 1.355695e-14, 1.353890e-14, 1.352102e-14
732, 1.215891e-14, 1.216688e-14, 1.217397e-14
733, 3.464092e-14, 3.461660e-14, 3.459552e-14
734, 3.174839e-13, 3.174880e-13, 3.174930e-13
735, 4.691480e-09, 4.694381e-09, 4.697159e-09
736, 4.015081e-09, 4.010097e-09, 4.005607e-09
737, 2.328686e-09, 2.326721e-09, 2.324843e-09
738, 1.146117e-11, 1.145361e-11, 1.144645e-11
739, 3.337232e-12, 3.332394e-12, 3.327519e-12
740, 4.770333e-04, 4.755167e-04, 4.740279e-04
741, 1.855602e-04, 1.854318e-04, 1.852823e-04
742, 2.607560e-15, 2.604820e-15, 2.601963e-15
743, 1.108984e-14, 1.109445e-14, 1.109884e-14
744, 7.768849e-14, 7.758189e-14, 7.748442e-14
745, 7.542666e-04, 7.474705e-04, 7.409164e-04
746, 5.456793e-09, 5.449272e-09, 5.440768e-09
747, 2.147515e-08, 2.144118e-08, 2.140870e-08
748, 1.397038e-08, 1.395958e-08, 1.394985e-08
749, 3.486987e-08, 3.485431e-08, 3.483884e-08
750, 1.196915e-04, 1.194942e-04, 1.192991e-04
751, 3.089973e-10, 3.090712e-10, 3.091466e-10
752, 4.266736e-10, 4.265603e-10, 4.264134e-10
753, 2.403665e-04, 2.394759e-04, 2.385947e-04
754, 8.156886e-05, 8.133494e-05, 8.110096e-05
755, 7.866256e-04, 7.787093e-04, 7.710123e-04
756, 9.265444e-04, 9.150279e-04, 9.039470e-04
757, 1.994862e-17, 1.987975e-17, 1.981346e-17
758, 1.437206e-15, 1.434403e-15, 1.431699e-15
759, 3.156873e-08, 3.154980e-08, 3.153114e-08
760, 1.003239e-07, 1.002244e-07, 1.001240e-07
761, 6.492172e-04, 6.457855e-04, 6.423965e-04
762, 7.567768e-05, 7.566759e-05, 7.565427e-05
763, 8.807465e-10, 8.800698e-10, 8.793993e-10
764, 7.243228e-27, 7.243823e-27, 7.244869e-27
765, 8.108937e-26, 8.100121e-26, 8.092224e-26
766, 8.729238e-04, 8.641785e-04, 8.556935e-04
767, 1.957414e-16, 1.953779e-16, 1.950205e-16
768, 1.278980e-15, 1.276643e-15, 1.274341e-15
769, 1.617828e-17, 1.616620e-17, 1.615389e-17
770, 5.893691e-17, 5.888075e-17, 5.882381e-17
771, 4.484281e-08, 4.475410e-08, 4.466712e-08
772, 1.675814e-03, 1.658016e-03, 1.640670e-03
773, 4.887427e-08, 4.883655e-08, 4.880094e-08
774, 5.224336e-24, 5.236167e-24, 5.247468e-24
775, 2.489280e-29, 2.492306e-29, 2.495103e-29
776, 2.548263e-26, 2.558497e-26, 2.568518e-26
777, 2.962505e-25, 2.967828e-25, 2.973369e-25
778, 1.835157e-14, 1.833507e-14, 1.831994e-14
779, 1.294736e-15, 1.293678e-15, 1.292690e-15
780, 1.320418e-17, 1.320157e-17, 1.319907e-17
781, 4.704059e-17, 4.702441e-17, 4.700776e-17
782, 2.407729e-08, 2.403746e-08, 2.399989e-08
783, 2.510550e-09, 2.515738e-09, 2.520807e-09
784, 2.103080e-07, 2.110556e-07, 2.117670e-07
785, 3.536686e-25, 3.554471e-25, 3.570759e-25
786, 1.112769e-25, 1.111888e-25, 1.111075e-25
787, 2.056228e-27, 2.055881e-27, 2.055759e-27
788, 1.198338e-25, 1.200083e-25, 1.201789e-25
789, 8.552759e-11, 8.546059e-11, 8.539754e-11
790, 3.010624e-10, 3.010042e-10, 3.009566e-10
791, 1.165848e-18, 1.165288e-18, 1.164782e-18
792, 3.867016e-18, 3.865939e-18, 3.864987e-18
793, 8.542961e-08, 8.525575e-08, 8.509558e-08
794, 1.304930e-08, 1.305424e-08, 1.305994e-08
795, 2.975598e-08, 2.988492e-08, 3.000508e-08
796, 2.902695e-21, 2.915030e-21, 2.926382e-21
797, 9.252196e-25, 9.196036e-25, 9.145082e-25
798, 4.282385e-07, 4.283027e-07, 4.283398e-07
799, 7.489956e-07, 7.492011e-07, 7.494528e-07
800, 1.504256e-07, 1.502637e-07, 1.501075e-07
801, 5.179481e-17, 5.176038e-17, 5.172976e-17
802, 2.352170e-19, 2.351911e-19, 2.351759e-19
803, 1.669842e-18, 1.669893e-18, 1.669937e-18
804, 3.437839e-08, 3.436762e-08, 3.435762e-08
805, 2.063508e-07, 2.063964e-07, 2.064366e-07
806, 9.208546e-08, 9.217164e-08, 9.224761e-08
807, 5.701001e-06, 5.717807e-06, 5.733409e-06
808, 1.089193e-06, 1.088938e-06, 1.088712e-06
809, 2.844601e-07, 2.837782e-07, 2.831473e-07
810, 8.044455e-08, 8.051546e-08, 8.058568e-08
811, 2.688090e-10, 2.684817e-10, 2.681665e-10
812, 4.851427e-10, 4.847810e-10, 4.844211e-10
813, 5.515848e-20, 5.508818e-20, 5.502207e-20
814, 4.039655e-21, 4.035155e-21, 4.030728e-21
815, 8.381800e-08, 8.382713e-08, 8.383675e-08
816, 5.680343e-08, 5.675094e-08, 5.670166e-08
817, 8.494738e-07, 8.491012e-07, 8.487625e-07
818, 1.182716e-06, 1.184517e-06, 1.186212e-06
819, 6.201481e-08, 6.208607e-08, 6.215230e-08
820, 1.198591e-07, 1.199444e-07, 1.200179e-07
821, 9.926448e-08, 9.930574e-08, 9.934825e-08
822, 5.579077e-10, 5.576510e-10, 5.574192e-10
823, 2.026635e-09, 2.025409e-09, 2.024313e-09
824, 7.761813e-21, 7.759846e-21, 7.757857e-21
825, 4.515760e-21, 4.514062e-21, 4.512290e-21
826, 3.698638e-08, 3.698762e-08, 3.698958e-08
827, 1.535464e-07, 1.534602e-07, 1.533850e-07
828, 5.859791e-05, 5.851762e-05, 5.843980e-05
829, 3.398509e-05, 3.393803e-05, 3.389121e-05
830, 3.771633e-05, 3.768642e-05, 3.765603e-05
831, 8.219438e-10, 8.220675e-10, 8.221773e-10
832, 1.778335e-09, 1.778269e-09, 1.778290e-09
833, 2.003324e-08, 2.003593e-08, 2.003856e-08
834, 2.306428e-09, 2.306648e-09, 2.306703e-09
835, 1.235687e-09, 1.235138e-09, 1.234590e-09
836, 2.300215e-21, 2.299214e-21, 2.298154e-21
837, 1.066346e-07, 1.065034e-07, 1.063883e-07
838, 3.288543e-06, 3.287342e-06, 3.286093e-06
839, 2.769049e-05, 2.758720e-05, 2.749396e-05
840, 5.243721e-05, 5.250553e-05, 5.256133e-05
841, 3.383562e-05, 3.388320e-05, 3.392411e-05
842, 1.957681e-10, 1.948326e-10, 1.940144e-10
843, 5.048597e-10, 5.039661e-10, 5.031603e-10
844, 7.584086e-11, 7.616247e-11, 7.645601e-11
845, 4.879766e-09, 4.866368e-09, 4.854247e-09
846, 7.404332e-11, 7.417811e-11, 7.429141e-11
847, 1.559686e-23, 1.563779e-23, 1.567279e-23
848, 1.727747e-12, 1.725778e-12, 1.723822e-12
849, 4.529474e-12, 4.534301e-12, 4.538960e-12
850, 1.501087e-11, 1.499442e-11, 1.497788e-11
851, 7.250027e-05, 7.248614e-05, 7.246978e-05
852, 1.429472e-06, 1.429414e-06, 1.429333e-06
853, 4.070622e-07, 4.069745e-07, 4.068823e-07
854, 9.411963e-10, 9.415250e-10, 9.418416e-10
855, 3.245497e-08, 3.248448e-08, 3.251304e-08
856, 9.308652e-11, 9.314037e-11, 9.319138e-11
857, 4.706374e-11, 4.707406e-11, 4.708199e-11
858, 1.874929e-11, 1.872921e-11, 1.871007e-11
859, 7.935339e-13, 7.931945e-13, 7.928602e-13
860, 9.238743e-05, 9.233535e-05, 9.228414e-05
861, 3.321995e-12, 3.329682e-12, 3.336770e-12
862, 8.671202e-13, 8.671377e-13, 8.672456e-13
863, 7.744502e-14, 7.750937e-14, 7.755963e-14
864, 1.955285e-14, 1.955911e-14, 1.956570e-14
865, 3.113119e-09, 3.115986e-09, 3.118886e-09
866, 8.139026e-08, 8.156038e-08, 8.171983e-08
867, 9.593402e-07, 9.588243e-07, 9.583865e-07
868, 2.096030e-11, 2.094424e-11, 2.092715e-11
869, 7.890967e-11, 7.883496e-11, 7.877383e-11
870, 3.147148e-09, 3.146519e-09, 3.145670e-09
871, 5.705138e-04, 5.678950e-04, 5.652942e-04
872, 1.787848e-04, 1.783829e-04, 1.779853e-04
873, 1.107717e-08, 1.109052e-08, 1.110328e-08
874, 6.185739e-06, 6.186963e-06, 6.187964e-06
875, 5.377976e-06, 5.370014e-06, 5.362367e-06
876, 2.405754e-04, 2.400329e-04, 2.394932e-04
877, 7.086387e-07, 7.086592e-07, 7.086740e-07
878, 8.804892e-17, 8.818954e-17, 8.832167e-17
879, 1.709310e-15, 1.708385e-15, 1.707439e-15
880, 1.032760e-05, 1.031785e-05, 1.030854e-05
881, 3.098633e-08, 3.093743e-08, 3.088932e-08
882, 2.394562e-05, 2.392288e-05, 2.390049e-05
883, 1.042372e-04, 1.042553e-04, 1.042676e-04
884, 3.350133e-09, 3.350270e-09, 3.350447e-09
885, 4.564637e-25, 4.570174e-25, 4.575486e-25
886, 7.522732e-26, 7.555428e-26, 7.586715e-26
887, 3.494898e-25, 3.487040e-25, 3.479884e-25
888, 1.161564e-15, 1.162925e-15, 1.164245e-15
889, 1.024011e-15, 1.023459e-15, 1.022942e-15
890, 9.502728e-16, 9.496879e-16, 9.491386e-16
891, 3.628684e-16, 3.627295e-16, 3.625885e-16
892, 3.377340e-07, 3.373910e-07, 3.370395e-07
893, 2.099388e-04, 2.095639e-04, 2.091862e-04
894, 1.718059e-03, 1.699952e-03, 1.682365e-03
895, 1.637608e-26, 1.633698e-26, 1.630251e-26
896, 6.180660e-25, 6.220408e-25, 6.258034e-25
897, 3.081057e-25, 3.079021e-25, 3.077441e-25
898, 2.237139e-25, 2.236389e-25, 2.235480e-25
899, 7.994296e-14, 7.992120e-14, 7.990147e-14
900, 1.150693e-16, 1.150209e-16, 1.149768e-16
901, 5.748629e-16, 5.745901e-16, 5.743272e-16
902, 8.065547e-18, 8.059372e-18, 8.053536e-18
903, 1.551640e-09, 1.545150e-09, 1.539065e-09
904, 1.344045e-04, 1.348033e-04, 1.351647e-04
905, 7.969713e-04, 7.937700e-04, 7.905574e-04
906, 2.689619e-23, 2.694300e-23, 2.698378e-23
907, 6.084858e-26, 6.085982e-26, 6.086119e-26
908, 3.791849e-26, 3.779981e-26, 3.768494e-26
909, 9.277796e-11, 9.266933e-11, 9.256961e-11
910, 4.418327e-12, 4.418420e-12, 4.418499e-12
911, 6.612838e-11, 6.610714e-11, 6.608527e-11
912, 4.039955e-18, 4.036673e-18, 4.033709e-18
913, 5.944639e-18, 5.945449e-18, 5.946134e-18
914, 4.427421e-06, 4.410570e-06, 4.394563e-06
915, 1.563201e-03, 1.542287e-03, 1.522417e-03
916, 6.225372e-03, 5.996182e-03, 5.791740e-03
917, 1.631983e-21, 1.627285e-21, 1.622856e-21
918, 1.566483e-24, 1.572329e-24, 1.577778e-24
919, 1.650424e-06, 1.650505e-06, 1.650643e-06
920, 1.079867e-11, 1.077265e-11, 1.074780e-11
921, 4.791480e-12, 4.791593e-12, 4.791826e-12
922, 3.458927e-16, 3.454326e-16, 3.450167e-16
923, 1.447533e-17, 1.446868e-17, 1.446272e-17
924, 1.524348e-19, 1.523685e-19, 1.523088e-19
925, 4.197291e-06, 4.194528e-06, 4.191876e-06
926, 1.000607e-08, 1.001996e-08, 1.003252e-08
927, 1.031620e-12, 1.032023e-12, 1.032306e-12
928, 2.845438e-03, 2.788507e-03, 2.734442e-03
929, 1.741356e-06, 1.733307e-06, 1.725769e-06
930, 3.357142e-07, 3.363020e-07, 3.368582e-07
931, 2.471434e-11, 2.466763e-11, 2.462457e-11
932, 6.016529e-12, 6.013163e-12, 6.010244e-12
933, 1.371670e-11, 1.369569e-11, 1.367530e-11
934, 2.711962e-20, 2.709868e-20, 2.707861e-20
935, 5.738787e-24, 5.739722e-24, 5.740804e-24
936, 7.547628e-09, 7.556307e-09, 7.564349e-09
937, 7.782814e-10, 7.777829e-10, 7.772911e-10
938, 1.046623e-07, 1.045324e-07, 1.044091e-07
939, 3.605508e-08, 3.600334e-08, 3.595239e-08
940, 3.484381e-08, 3.493874e-08, 3.502646e-08
941, 3.170730e-07, 3.168419e-07, 3.166456e-07
942, 2.227568e-06, 2.227044e-06, 2.226593e-06
943, 2.658221e-12, 2.655295e-12, 2.652654e-12
944, 5.166931e-08, 5.167746e-08, 5.168403e-08
945, 4.971671e-21, 4.964125e-21, 4.956977e-21
946, 6.172107e-23, 6.171412e-23, 6.170646e-23
947, 7.982118e-10, 7.978327e-10, 7.974821e-10
948, 3.247369e-08, 3.245314e-08, 3.243547e-08
949, 1.325235e-04, 1.324020e-04, 1.322774e-04
950, 4.475657e-05, 4.466278e-05, 4.457096e-05
951, 9.486669e-06, 9.467468e-06, 9.449549e-06
952, 2.456984e-08, 2.459648e-08, 2.462282e-08
953, 2.587496e-06, 2.585258e-06, 2.583252e-06
954, 1.293522e-08, 1.294030e-08, 1.294514e-08
955, 7.064450e-10, 7.062449e-10, 7.060737e-10
956, 8.013624e-20, 8.011571e-20, 8.009666e-20
957, 1.948840e-21, 1.947552e-21, 1.946298e-21
958, 9.148188e-10, 9.154789e-10, 9.160866e-10
959, 5.708255e-05, 5.699880e-05, 5.692042e-05
960, 5.643632e-05, 5.638597e-05, 5.633188e-05
961, 2.670105e-04, 2.661780e-04, 2.653642e-04
962, 7.516450e-05, 7.509137e-05, 7.501591e-05
963, 6.523639e-11, 6.532541e-11, 6.540112e-11
964, 2.159811e-09, 2.156458e-09, 2.153685e-09
965, 6.288614e-08, 6.280494e-08, 6.273260e-08
966, 4.940542e-07, 4.949069e-07, 4.956701e-07
967, 2.198520e-20, 2.195046e-20, 2.192013e-20
968, 2.707704e-21, 2.705173e-21, 2.702827e-21
969, 1.243462e-07, 1.243695e-07, 1.243922e-07
970, 4.307085e-07, 4.303383e-07, 4.299704e-07
971, 1.025001e-11, 1.023733e-11, 1.022477e-11
972, 3.216466e-11, 3.220866e-11, 3.225070e-11
973, 1.665590e-06, 1.668011e-06, 1.670392e-06
974, 6.409223e-07, 6.407790e-07, 6.406421e-07
975, 1.597397e-09, 1.597993e-09, 1.598532e-09
976, 5.258424e-09, 5.259407e-09, 5.260262e-09
977, 2.604303e-11, 2.604244e-11, 2.604214e-11
978, 3.097735e-09, 3.094658e-09, 3.091906e-09
979, 3.942971e-11, 3.942657e-11, 3.942370e-11
980, 2.711096e-07, 2.712906e-07, 2.714651e-07
981, 1.446340e-07, 1.445096e-07, 1.443862e-07
982, 2.825845e-07, 2.823049e-07, 2.820380e-07
983, 4.503500e-13, 4.507255e-13, 4.510401e-13
984, 2.347938e-14, 2.348172e-14, 2.348643e-14
985, 1.990987e-10, 1.993042e-10, 1.995040e-10
986, 2.393794e-08, 2.396017e-08, 2.398102e-08
987, 7.504014e-09, 7.501639e-09, 7.499591e-09
988, 5.257597e-11, 5.260122e-11, 5.262172e-11
989, 4.588976e-11, 4.586044e-11, 4.583763e-11
990, 7.418575e-07, 7.413836e-07, 7.408933e-07
991, 1.057788e-06, 1.058194e-06, 1.058569e-06
992, 9.503200e-05, 9.496051e-05, 9.488666e-05
993, 7.714028e-08, 7.722822e-08, 7.731155e-08
994, 3.267527e-08, 3.265302e-08, 3.262971e-08
995, 3.496574e-05, 3.497234e-05, 3.497750e-05
996, 2.470940e-05, 2.474951e-05, 2.478867e-05
997, 1.083102e-08, 1.083562e-08, 1.083984e-08
998, 1.264056e-07, 1.263893e-07, 1.263729e-07
999, 1.395012e-08, 1.394820e-08, 1.394644e-08
1000, 2.323215e-07, 2.322256e-07, 2.321407e-07
1001, 6.354071e-07, 6.349493e-07, 6.345127e-07
1002, 4.276331e-06, 4.278843e-06, 4.281116e-06
1003, 2.572300e-05, 2.571388e-05, 2.570434e-05
1004, 5.757936e-05, 5.751099e-05, 5.744295e-05
1005, 2.645237e-07, 2.650665e-07, 2.655891e-07
1006, 4.318019e-05, 4.319052e-05, 4.320113e-05
1007, 1.064446e-04, 1.063276e-04, 1.062115e-04
1008, 1.756485e-07, 1.756028e-07, 1.755594e-07
1009, 0.000000e+00, 0.000000e+00, 0.000000e+00
1010, 0.000000e+00, 0.000000e+00, 0.000000e+00
1011, 6.185596e-08, 6.178502e-08, 6.171963e-08
1012, 2.981379e-07, 2.979154e-07, 2.977173e-07
1013, 6.149262e-09, 6.151457e-09, 6.153374e-09
1014, 9.079020e-11, 9.048123e-11, 9.018614e-11
1015, 2.917610e-04, 2.906508e-04, 2.895579e-04
1016, 2.359200e-03, 2.323032e-03, 2.288496e-03
1017, 1.345159e-27, 1.342958e-27, 1.340777e-27
1018, 1.205531e-23, 1.200593e-23, 1.195838e-23
1019, 0.000000e+00, 0.000000e+00, 0.000000e+00
1020, 0.000000e+00, 0.000000e+00, 0.000000e+00
1021, 0.000000e+00, 0.000000e+00, 0.000000e+00
1022, 1.212792e-38, 1.212331e-38, 1.211941e-38
1023, 2.717762e-06, 2.716940e-06, 2.716158e-06
1024, 4.184964e-09, 4.183901e-09, 4.182657e-09
1025, 4.625611e-09, 4.618470e-09, 4.611604e-09
1026, 4.484599e-04, 4.460349e-04, 4.437618e-04
1027, 6.307063e-04, 6.302770e-04, 6.297052e-04
1028, 1.203847e-23, 1.206403e-23, 1.208602e-23
1029, 2.837905e-27, 2.824541e-27, 2.811967e-27
1030, 1.061202e-11, 1.060905e-11, 1.060609e-11
1031, 0.000000e+00, 0.000000e+00, 0.000000e+00
1032, 0.000000e+00, 0.000000e+00, 0.000000e+00
1033, 4.666855e-07, 4.663964e-07, 4.661301e-07
1034, 3.050153e-06, 3.048394e-06, 3.046747e-06
1035, 1.636794e-06, 1.634724e-06, 1.632693e-06
1036, 2.486127e-12, 2.492530e-12, 2.498291e-12
1037, 7.934238e-04, 7.908243e-04, 7.881614e-04
1038, 1.599689e-03, 1.583750e-03, 1.567918e-03
1039, 2.995124e-27, 2.993594e-27, 2.992064e-27
1040, 7.050017e-07, 7.034010e-07, 7.018784e-07
1041, 1.153997e-12, 1.151864e-12, 1.149841e-12
1042, 1.508649e-12, 1.506769e-12, 1.505059e-12
1043, 2.121059e-11, 2.119870e-11, 2.118712e-11
1044, 5.271431e-17, 5.269723e-17, 5.268306e-17
1045, 1.116233e-07, 1.115796e-07, 1.115377e-07
1046, 2.295507e-07, 2.295521e-07, 2.295447e-07
1047, 3.618018e-11, 3.622776e-11, 3.626686e-11
1048, 1.560136e-12, 1.567122e-12, 1.573791e-12
1049, 4.924856e-14, 4.934978e-14, 4.944649e-14
1050, 4.601690e-07, 4.613772e-07, 4.625479e-07
1051, 4.657326e-08, 4.641128e-08, 4.625622e-08
1052, 1.348649e-11, 1.346322e-11, 1.344101e-11
1053, 3.310888e-12, 3.308136e-12, 3.305632e-12
1054, 1.682621e-11, 1.680764e-11, 1.679081e-11
1055, 2.967151e-20, 2.959420e-20, 2.952023e-20
1056, 3.190088e-21, 3.192446e-21, 3.194879e-21
1057, 1.482705e-09, 1.482791e-09, 1.482870e-09
1058, 5.367932e-09, 5.364192e-09, 5.360755e-09
1059, 1.482512e-08, 1.481514e-08, 1.480610e-08
1060, 6.382558e-09, 6.384761e-09, 6.386718e-09
1061, 1.780130e-07, 1.785436e-07, 1.790497e-07
1062, 2.884301e-07, 2.883935e-07, 2.883636e-07
1063, 5.175326e-08, 5.167087e-08, 5.159324e-08
1064, 1.452318e-12, 1.451756e-12, 1.451264e-12
1065, 1.686017e-11, 1.684325e-11, 1.682715e-11
1066, 2.327959e-19, 2.326465e-19, 2.325101e-19
1067, 1.120612e-20, 1.120646e-20, 1.120700e-20
1068, 2.076211e-09, 2.077178e-09, 2.078067e-09
1069, 3.514379e-08, 3.516880e-08, 3.519246e-08
1070, 1.340718e-07, 1.340770e-07, 1.340821e-07
1071, 5.000218e-06, 4.992426e-06, 4.984816e-06
1072, 6.572797e-06, 6.569113e-06, 6.565320e-06
1073, 8.265516e-07, 8.271927e-07, 8.278039e-07
1074, 1.975041e-08, 1.975060e-08, 1.975173e-08
1075, 6.645949e-07, 6.639668e-07, 6.633970e-07
1076, 8.635541e-06, 8.636067e-06, 8.636088e-06
1077, 1.852697e-06, 1.852318e-06, 1.851904e-06
1078, 2.170861e-20, 2.169604e-20, 2.168391e-20
1079, 5.151833e-08, 5.154650e-08, 5.157331e-08
1080, 1.148514e-08, 1.149608e-08, 1.150615e-08
1081, 6.865060e-06, 6.860236e-06, 6.856111e-06
1082, 1.048311e-05, 1.049104e-05, 1.049770e-05
1083, 2.297766e-06, 2.296946e-06, 2.296201e-06
1084, 4.495106e-07, 4.489626e-07, 4.484831e-07
1085, 3.816360e-09, 3.818045e-09, 3.819500e-09
1086, 3.690482e-08, 3.690935e-08, 3.691427e-08
1087, 3.950826e-08, 3.945291e-08, 3.940212e-08
1088, 1.108828e-06, 1.108388e-06, 1.108006e-06
1089, 1.166085e-07, 1.165233e-07, 1.164426e-07
1090, 5.513983e-06, 5.515878e-06, 5.517641e-06
1091, 7.136156e-06, 7.133279e-06, 7.130428e-06
1092, 3.852373e-10, 3.850922e-10, 3.849481e-10
1093, 2.315643e-04, 2.311514e-04, 2.307357e-04
1094, 8.027350e-05, 8.022649e-05, 8.017912e-05
1095, 2.517886e-05, 2.517180e-05, 2.516477e-05
1096, 1.300104e-09, 1.300068e-09, 1.300016e-09
1097, 3.021217e-18, 3.019243e-18, 3.017487e-18
1098, 4.670504e-11, 4.666843e-11, 4.663484e-11
1099, 1.082780e-11, 1.083102e-11, 1.083384e-11
1100, 9.804854e-11, 9.796198e-11, 9.788280e-11
1101, 2.777426e-05, 2.777485e-05, 2.777486e-05
1102, 5.225062e-07, 5.224291e-07, 5.223473e-07
1103, 1.301155e-08, 1.300491e-08, 1.299810e-08
1104, 3.516145e-04, 3.506533e-04, 3.497030e-04
1105, 1.927948e-04, 1.925898e-04, 1.923759e-04
1106, 0.000000e+00, 0.000000e+00, 0.000000e+00
1107, 1.835053e-09, 1.835874e-09, 1.836664e-09
1108, 3.330997e-09, 3.332559e-09, 3.333959e-09
1109, 7.551347e-18, 7.546224e-18, 7.541964e-18
1110, 1.706480e-11, 1.706704e-11, 1.706831e-11
1111, 5.253572e-07, 5.250634e-07, 5.248214e-07
1112, 0.000000e+00, 0.000000e+00, 0.000000e+00
1113, 4.427895e-13, 4.427102e-13, 4.426304e-13
1114, 1.049982e-08, 1.049774e-08, 1.049525e-08
1115, 4.208661e-08, 4.210798e-08, 4.212853e-08
1116, 1.732616e-04, 1.729693e-04, 1.726818e-04
1117, 3.909637e-04, 3.899487e-04, 3.889384e-04
1118, 5.792132e-08, 5.790823e-08, 5.789524e-08
1119, 3.438855e-09, 3.439449e-09, 3.439985e-09
1120, 3.086570e-18, 3.084516e-18, 3.082758e-18
1121, 4.503166e-07, 4.500856e-07, 4.498685e-07
1122, 2.942957e-06, 2.941084e-06, 2.939381e-06
1123, 0.000000e+00, 0.000000e+00, 0.000000e+00
1124, 7.269047e-12, 7.276333e-12, 7.283075e-12
1125, 2.818132e-10, 2.815684e-10, 2.813364e-10
1126, 3.775725e-08, 3.778136e-08, 3.780352e-08
1127, 4.288896e-05, 4.289935e-05, 4.290842e-05
1128, 3.626806e-04, 3.619202e-04, 3.611569e-04
1129, 6.855964e-08, 6.857089e-08, 6.858037e-08
1130, 0.000000e+00, 0.000000e+00, 0.000000e+00
1131, 0.000000e+00, 0.000000e+00, 0.000000e+00
1132, 1.603977e-07, 1.602912e-07, 1.601974e-07
1133, 6.632148e-07, 6.626712e-07, 6.621737e-07
1134, 5.612863e-09, 5.626114e-09, 5.638429e-09
1135, 1.696056e-10, 1.695020e-10, 1.694081e-10
1136, 2.017080e-10, 2.013162e-10, 2.009274e-10
1137, 4.009975e-06, 4.016695e-06, 4.023021e-06
1138, 6.884936e-06, 6.894086e-06, 6.902750e-06
1139, 1.619233e-05, 1.619436e-05, 1.619585e-05
1140, 0.000000e+00, 0.000000e+00, 0.000000e+00
1141, 0.000000e+00, 0.000000e+00, 0.000000e+00
1142, 0.000000e+00, 0.000000e+00, 0.000000e+00
1143, 1.109505e-07, 1.108524e-07, 1.107628e-07
1144, 4.162516e-06, 4.160274e-06, 4.158241e-06
1145, 4.902404e-09, 4.917951e-09, 4.932164e-09
1146, 3.119292e-09, 3.116669e-09, 3.114132e-09
1147, 1.924992e-09, 1.930148e-09, 1.934913e-09
1148, 2.376553e-06, 2.389959e-06, 2.402794e-06
1149, 2.038877e-06, 2.042185e-06, 2.045421e-06
1150, 1.406851e-06, 1.403948e-06, 1.401174e-06
1151, 0.000000e+00, 0.000000e+00, 0.000000e+00
1152, 0.000000e+00, 0.000000e+00, 0.000000e+00
1153, 0.000000e+00, 0.000000e+00, 0.000000e+00
1154, 6.796157e-06, 6.794921e-06, 6.793838e-06
1155, 5.106950e-07, 5.106878e-07, 5.106936e-07
1156, 3.802418e-06, 3.808864e-06, 3.814586e-06
1157, 1.852055e-13, 1.847899e-13, 1.844163e-13
1158, 3.286239e-12, 3.274134e-12, 3.263162e-12
1159, 3.554041e-03, 3.487952e-03, 3.425220e-03
1160, 1.637961e-06, 1.633337e-06, 1.628941e-06
1161, 8.539910e-08, 8.517783e-08, 8.496438e-08
1162, 1.881857e-08, 1.880190e-08, 1.878663e-08
1163, 2.227980e-05, 2.222066e-05, 2.216359e-05
1164, 1.398277e-07, 1.396224e-07, 1.394294e-07
1165, 4.441210e-04, 4.414360e-04, 4.388137e-04
1166, 5.808828e-05, 5.790290e-05, 5.772298e-05
1167, 1.022201e-06, 1.020969e-06, 1.019815e-06
1168, 1.279733e-13, 1.281423e-13, 1.282940e-13
1169, 1.474605e-12, 1.475050e-12, 1.475409e-12
1170, 3.238668e-03, 3.189749e-03, 3.142564e-03
1171, 4.526378e-07, 4.510631e-07, 4.495602e-07
1172, 1.323686e-06, 1.319924e-06, 1.316327e-06
1173, 3.284884e-08, 3.282804e-08, 3.280802e-08
1174, 4.733624e-05, 4.721224e-05, 4.709215e-05
1175, 4.704831e-05, 4.693732e-05, 4.682654e-05
1176, 6.632361e-04, 6.569854e-04, 6.509203e-04
1177, 1.187939e-04, 1.182812e-04, 1.177804e-04
1178, 4.579982e-13, 4.586099e-13, 4.591540e-13
1179, 6.435165e-12, 6.428200e-12, 6.421259e-12
1180, 5.431633e-09, 5.427876e-09, 5.424194e-09
1181, 1.454490e-03, 1.440604e-03, 1.427035e-03
1182, 7.116760e-07, 7.114560e-07, 7.112514e-07
1183, 8.368847e-07, 8.358894e-07, 8.349233e-07
1184, 6.522621e-07, 6.513233e-07, 6.504267e-07
1185, 1.041695e-05, 1.040013e-05, 1.038425e-05
1186, 7.443200e-06, 7.440576e-06, 7.437726e-06
1187, 9.341418e-06, 9.343650e-06, 9.345621e-06
1188, 1.871820e-07, 1.871013e-07, 1.870266e-07
1189, 4.400850e-12, 4.404235e-12, 4.407269e-12
1190, 7.554292e-09, 7.566482e-09, 7.577738e-09
1191, 5.535619e-08, 5.540547e-08, 5.545271e-08
1192, 6.884219e-06, 6.882430e-06, 6.880461e-06
1193, 5.940712e-06, 5.939424e-06, 5.938243e-06
1194, 1.368682e-05, 1.368689e-05, 1.368706e-05
1195, 9.665939e-08, 9.668172e-08, 9.670436e-08
1196, 5.763372e-08, 5.760967e-08, 5.758632e-08
1197, 2.956227e-06, 2.954583e-06, 2.953201e-06
1198, 2.453356e-05, 2.450466e-05, 2.447793e-05
1199, 2.005595e-07, 2.004771e-07, 2.004000e-07
1200, 1.799815e-07, 1.801901e-07, 1.803862e-07
1201, 6.124436e-08, 6.131574e-08, 6.138460e-08
1202, 3.473683e-06, 3.477758e-06, 3.481415e-06
1203, 1.913044e-06, 1.912512e-06, 1.912078e-06
1204, 5.534865e-06, 5.533349e-06, 5.531869e-06
1205, 1.632079e-07, 1.633231e-07, 1.634331e-07
1206, 4.159921e-08, 4.160562e-08, 4.161372e-08
1207, 5.318166e-08, 5.313918e-08, 5.310005e-08
1208, 7.928948e-07, 7.927404e-07, 7.925863e-07
1209, 1.359574e-07, 1.359659e-07, 1.359683e-07
1210, 2.501267e-08, 2.499925e-08, 2.498719e-08
1211, 1.707136e-04, 1.704240e-04, 1.701283e-04
1212, 5.713825e-05, 5.707689e-05, 5.701586e-05
1213, 6.877690e-09, 6.878811e-09, 6.879742e-09
1214, 8.125956e-05, 8.116920e-05, 8.107893e-05
1215, 0.000000e+00, 0.000000e+00, 0.000000e+00
1216, 0.000000e+00, 0.000000e+00, 0.000000e+00
1217, 1.103233e-17, 1.102547e-17, 1.101891e-17
1218, 2.993857e-17, 2.992906e-17, 2.991966e-17
1219, 8.814886e-18, 8.811639e-18, 8.809060e-18
1220, 5.196796e-12, 5.194406e-12, 5.192274e-12
1221, 2.353549e-06, 2.353447e-06, 2.353390e-06
1222, 1.743885e-05, 1.743580e-05, 1.743313e-05
1223, 4.551422e-06, 4.552723e-06, 4.553682e-06
1224, 7.513518e-10, 7.508139e-10, 7.502987e-10
1225, 0.000000e+00, 0.000000e+00, 0.000000e+00
1226, 0.000000e+00, 0.000000e+00, 0.000000e+00
1227, 0.000000e+00, 0.000000e+00, 0.000000e+00
1228, 4.530074e-16, 4.525129e-16, 4.520705e-16
1229, 4.592793e-18, 4.590531e-18, 4.588524e-18
1230, 3.529469e-19, 3.529776e-19, 3.530068e-19
1231, 6.147851e-11, 6.143289e-11, 6.139328e-11
1232, 3.720670e-26, 3.721268e-26, 3.721499e-26
1233, 0.000000e+00, 0.000000e+00, 0.000000e+00
1234, 1.916931e-12, 1.917510e-12, 1.918132e-12
1235, 1.142385e-11, 1.142247e-11, 1.142104e-11
1236, 0.000000e+00, 0.000000e+00, 0.000000e+00
1237, 0.000000e+00, 0.000000e+00, 0.000000e+00
1238, 0.000000e+00, 0.000000e+00, 0.000000e+00
1239, 1.017989e-16, 1.017100e-16, 1.016240e-16
1240, 1.994908e-19, 1.994402e-19, 1.993932e-19
1241, 1.072902e-18, 1.072668e-18, 1.072478e-18
1242, 1.639943e-26, 1.638085e-26, 1.636352e-26
1243, 1.673132e-29, 1.673738e-29, 1.674268e-29
1244, 0.000000e+00, 0.000000e+00, 0.000000e+00
1245, 4.614840e-11, 4.624306e-11, 4.632983e-11
1246, 9.030546e-11, 9.040824e-11, 9.050089e-11
1247, 6.028466e-06, 6.023183e-06, 6.018038e-06
1248, 5.500378e-05, 5.501830e-05, 5.502779e-05
1249, 0.000000e+00, 0.000000e+00, 0.000000e+00
1250, 0.000000e+00, 0.000000e+00, 0.000000e+00
1251, 0.000000e+00, 0.000000e+00, 0.000000e+00
1252, 2.396698e-07, 2.393485e-07, 2.390499e-07
1253, 2.317017e-07, 2.314504e-07, 2.312188e-07
1254, 8.909390e-07, 8.901661e-07, 8.894738e-07
1255, 7.215646e-09, 7.244944e-09, 7.272090e-09
1256, 2.998783e-11, 2.992063e-11, 2.985768e-11
1257, 3.797282e-10, 3.804964e-10, 3.811726e-10
1258, 5.714718e-06, 5.721397e-06, 5.727040e-06
1259, 6.171392e-05, 6.167533e-05, 6.163926e-05
1260, 8.651614e-06, 8.651396e-06, 8.651297e-06
1261, 0.000000e+00, 0.000000e+00, 0.000000e+00
1262, 0.000000e+00, 1.579460e-38, 5.225775e-39
1263, 8.431973e-07, 8.421800e-07, 8.412222e-07
1264, 1.876296e-07, 1.874713e-07, 1.873283e-07
1265, 2.003050e-08, 2.001548e-08, 2.000197e-08
1266, 6.540514e-09, 6.552334e-09, 6.563081e-09
1267, 2.614463e-07, 2.638623e-07, 2.661036e-07
1268, 2.100166e-09, 2.091402e-09, 2.083361e-09
1269, 4.733531e-06, 4.725285e-06, 4.717683e-06
1270, 5.550269e-06, 5.542702e-06, 5.535630e-06
1271, 6.903527e-06, 6.905818e-06, 6.908150e-06
1272, 1.105165e-07, 1.103309e-07, 1.101570e-07
1273, 0.000000e+00, 8.891836e-39, 2.903075e-39
1274, 1.106996e-06, 1.106012e-06, 1.105119e-06
1275, 6.984314e-07, 6.979008e-07, 6.974142e-07
1276, 1.572897e-06, 1.572638e-06, 1.572463e-06
1277, 1.384696e-04, 1.370589e-04, 1.357613e-04
1278, 6.886634e-03, 6.614311e-03, 6.375917e-03
1279, 3.257828e-03, 3.179555e-03, 3.107002e-03
1280, 2.845179e-06, 2.825653e-06, 2.807500e-06
1281, 7.534352e-06, 7.523369e-06, 7.513200e-06
1282, 2.247173e-08, 2.245284e-08, 2.243554e-08
1283, 7.267862e-08, 7.248366e-08, 7.229421e-08
1284, 2.996957e-07, 2.992669e-07, 2.988588e-07
1285, 1.142881e-04, 1.139554e-04, 1.136315e-04
1286, 1.019252e-04, 1.015313e-04, 1.011484e-04
1287, 1.317526e-04, 1.313921e-04, 1.310418e-04
1288, 9.486978e-05, 9.437914e-05, 9.391262e-05
1289, 1.271158e-04, 1.279031e-04, 1.286086e-04
1290, 3.258540e-05, 3.285708e-05, 3.311152e-05
1291, 7.003630e-04, 6.961138e-04, 6.919732e-04
1292, 5.842764e-07, 5.836528e-07, 5.830882e-07
1293, 3.749265e-08, 3.745284e-08, 3.741317e-08
1294, 8.214721e-08, 8.194820e-08, 8.175739e-08
1295, 2.112553e-08, 2.109643e-08, 2.106804e-08
1296, 8.191121e-05, 8.171362e-05, 8.152273e-05
1297, 1.215839e-04, 1.210583e-04, 1.205461e-04
1298, 1.061460e-04, 1.059025e-04, 1.056657e-04
1299, 1.646693e-11, 1.653750e-11, 1.659952e-11
1300, 6.830773e-12, 6.831405e-12, 6.831896e-12
1301, 2.082708e-06, 2.083635e-06, 2.084482e-06
1302, 1.662732e-03, 1.645493e-03, 1.628600e-03
1303, 5.926661e-06, 5.920537e-06, 5.914710e-06
1304, 1.153564e-06, 1.150795e-06, 1.148135e-06
1305, 1.557150e-07, 1.555488e-07, 1.553852e-07
1306, 5.642712e-05, 5.634656e-05, 5.626838e-05
1307, 7.598452e-07, 7.592912e-07, 7.588104e-07
1308, 6.975845e-07, 6.967594e-07, 6.960038e-07
1309, 3.170966e-07, 3.169883e-07, 3.168893e-07
1310, 7.462682e-12, 7.466441e-12, 7.470128e-12
1311, 1.381399e-11, 1.382174e-11, 1.382719e-11
1312, 1.131701e-09, 1.133049e-09, 1.134417e-09
1313, 8.056343e-06, 8.062088e-06, 8.067873e-06
1314, 9.104679e-05, 9.108552e-05, 9.111828e-05
1315, 2.775570e-07, 2.777973e-07, 2.780283e-07
1316, 2.110335e-08, 2.109704e-08, 2.109097e-08
1317, 5.224104e-09, 5.225993e-09, 5.227763e-09
1318, 6.688086e-07, 6.686652e-07, 6.684977e-07
1319, 1.001054e-06, 1.001078e-06, 1.001073e-06
1320, 2.666099e-08, 2.664339e-08, 2.662700e-08
1321, 2.949142e-11, 2.954004e-11, 2.958359e-11
1322, 5.811506e-08, 5.824072e-08, 5.836052e-08
1323, 1.442128e-06, 1.443857e-06, 1.445487e-06
1324, 3.850847e-07, 3.852688e-07, 3.854295e-07
1325, 1.405277e-06, 1.405102e-06, 1.404951e-06
1326, 2.235815e-07, 2.237464e-07, 2.239060e-07
1327, 8.435889e-08, 8.445084e-08, 8.453931e-08
1328, 1.614789e-08, 1.614006e-08, 1.613327e-08
1329, 1.162685e-06, 1.162265e-06, 1.161919e-06
1330, 8.181223e-08, 8.170674e-08, 8.161202e-08
1331, 8.004343e-09, 8.001727e-09, 7.999085e-09
